  겹치지 않는 6구간에서의 순위 (격자 210개, 최종배수)
  **최악 순위**가 좋은 순으로 정렬 = 미니맥스
  규칙                최악순위      중앙순위      최고순위   구간별
  -17/-15            106        95        38    38 106  95 101  83  95
  -17/-14            114       101        35    35 103 107 100  90 114
  -16/-16            126        60        11    19 126  94  37  84  11  <- 현행
  -17/-12            127        88        28    75 127 110  28 101  61
  -17/-11            129        83        23   113  87 129  30  23  80
  -17/-13            141       111        48    48 141 115 119 108  52
  -16/-15            142        65        34    34  81 103  49 142  44
  -16/-14            143        78        20    20 115 109  48 143  41

  현행의 미니맥스 순위: **3위 / 210**

  각 구간 1등이 다른 구간에서는?
  구간 1등             최악순위      중앙순위   구간별
  -10/-9             207       183     1  14 202 169 197 207
  -11/-11            193        91     3   1 192  44 193 138
  -24/-22            204        92   134 204   1 202   6  51
  -16/-12            146        90    50 130 132   1 146  10
  -24/-24            204        88   101 150  10 204   1  75
  -23/-17            176       121   132 158  18 176 111   1
